-2147483648
137
8459203
-983472
109
-1
347829
-205984729
0
93284756
-3847
2147483647
-72
483
-2389472
329847
-1000000000
4892
-983
239
-284
82938475
-712
6592
-485920
372
-147
84920
-932857
7128934
-200
43829
-12839475
8347
-111
593
-492857
123456789
-293847
678
-839
578392
-100
8372
-745
90210
-387462
284
-9283
712
-3859203
128
-239487
5748
-208
458293
-674
394857
-928
672
-4928
8390
-4839
583920
-111111111
4001
-10
9182
-345
198273
-8281
501
-393
3882
-512
7328
-222
9451
-120938
1837
-9173
609
-82
4739
-3982
5729
-1500000000
720
-83921
67203
-1029384
3810
-423
2971
-75
891237
-61
4782
-333
99