487
345
-461
-447
-322
-335
-441
-282
-315
-491
491
-190
161
 -8
-23
185
194
-418
-438
-112
-184
-474
-226
-489
-274
-69
-339
-277
355
114
-62
 19
 94
-252
-455
494
-312
-123
-331
190
 96
360
383
-196
-105
235
-29
269
-215
312
  1
-191
431
-281
108
-42
437
449
-302
-152
315
310
-275
-11
-67
223
-380
460
-265
-426
150
358
-428
429
-304
493
-349
-223
-15
-354
-172
-439
-482
286
 36
211
-465
393
  2
-146
207
-107
-355
-289
219
-371
-136
-33
-24
-119
-38
214
-405
-357
-158
-366
102
-165
229
271
237
278
349
-329
394
274
-473
387
-43
342
311
109
245
 23
369
-359
-87
 59
195
 -7
416
-293
-496
-115
498
232
200
366
 71
141
-205
-27
-202
-314
-344
-301
-181
253
 85
162
451
174
 45
197
-440
-44
-430
-16
-328
-228
385
238
-358
134
-187
351
168
-166
-303
322
438
206
442
-446
336
263
465
-176
-85
 75
320
473
 30
-471
-12
-127
425
262
332
-199
378
 48
-68
 -9
478
210
-79
-393
-200
-388
-208
 63
380
-367
446
-417
299
-478
-194
252
434
-130
-73
 20
-494
167
-91
180
-57
417
-321
231
-140
-104
-45
 -1
-299
 12
-135
338
-81
447
392
 37
177
 52
-382
306
-66
-383
440
302
377
-232
-297
178
421
335
-492
-370
240
-84
455
-257
-407
352
500
433
490
373
475
-170
 77
-378
334
410
-404
-110
409
213
-250
 87
-392
202
-300
-116
412
407
216
-268
389
 10
339
-131
-71
-174
 33
395
-348
187
-206
362
233
 82
-216
-477
-414
-88
329
291
452
-90
 -4
-209
-350
 24
189
 73
-117
254
-365
-233
  3
137
-167
325
227
276
-151
-448
-241
-373
411
-487
-286
-323
-248
-169
-114
257
-457
346
-386
-56
 54
-436
-249
-21
305
-74
401
-261
364
 22
-168
104
136
-211
146
-311
-401
-284
486
129
279
-416
-129
267
251
-375
422
 39
165
-360
307
-459
244
-60
-162
-287
-449
458
145
-238
333
-201
-103
398
-389
121
-160
481
319
-28
 62
-210
-132
-222
316
-251
 81
-330
-313
-31
-177
-180
427
-227
-111
-432
-475
-402
-412
-368
482
 14
284
497
-307
290
-464
419
467
-320
270
-64
171
 27
 47
-468
 32
 86
-292
-479
454
-32
-126
-454
293
-150
-239
-247
281
241
 69
163
275
-137
-164
-450
-52
396
182
 74
456
-143
-337
 41
413
 49
-476
 -6
 60
-25
173
344
-285
-70
 57
 61
-472
370
 42
462
318
-295
457
-342
474
-270
133
445
372
242
-78
179
184
160
147
289
-125
-41
-217
236
-83
414
-399
403
343
258
-356
249
-86
 66
388
-341
-345
  5
 89
239
