-1384
47
90
-3822435
-423412
-526
3369360
657298
36717211
-8990382
-11993
-43441
436531
1196005351
2613
-4
79316237
9377
-32863
6202
-42805386
-53910107
7321
-47
-120535
2059465
-9457532
-9254
-87456
-1592074816
-3274248
1933
-48889859
3560192
-34378287
780440876
-765
66442960
6
-3207654
593
82798
996
-66084
-73410809
-807470
59872474
569352517
26100661
-907009
-7287379
68536130
-81
1211411959
36
495486546
-169345
-966
393026
-7087
-858351
-1340216
33344821
-663
7
-34608569
-221217421
8546
284049450
2287
-1812609267
119
-693078
-5991588
-25528
9905617
-34959
-7
-810960642
-651043999